2.51076E-05
-0.001306434
0.00187119
0.00230591
0.001613479
0.000549739
0.0053566
0.003584078
0.004101556
0.005213789
0.00274352
0.00338228
0.005930985
-9.69462E-05
0.004691098
0.00692377
0.009917121
0.00043875
0.004907971
-0.000861586
0.003947753
0.001821312
0.001138104
0.000843941
0.001557077
0.004237468
0.006235904
0.007059749
0.008550044
0.011129738
0.006515852
0.006596043
-0.002361092
-0.004044608
-0.004949477
0.003526627
0.004965564
-0.000837049
0.004956267
0.004577986
-0.002502548
-0.005380601
-0.00407692
0.002135475
0.005302157
-7.77696E-05
0.000633091
0.002882709
0.005454358
0.004350938
0.008058396
0.004384021
0.004645142
0.006959613
0.002362538
-0.005900733
-0.001214447
-0.003004833
-0.002581232
5.4069E-05
0.001156376
-0.00071312
0.009488125
-0.000149904
0.000428238
0.001187401
0.000683987
0.002933695
0.008844829
-6.33533E-05
-0.00187073
0.000549956
-0.002053302
-0.00240794
-0.006713366
0.002264136
0.002195157
0
0.005053948
0.003414975
0.003855558
0.001166377
7.35097E-05
0.000776772
0.018031059
0.002408548
0.003950202
0.004658584
0.002036412
0.00038645
0.002650272
0.004381379
0.009505985
0.004490353
0.006964936
0.002488448
0.005370487
0.005556439
0.008006261
0.00696289
0.003559115
0.002859208
0.007894352
0.005366705
0.006939549
0.02745942
0.052608482
0.013512966
-0.003491567
-0.00044479
0.004498648
0.000527925
-0.00586537
-0.003774722
-0.003858049
0.004244755
0.004928124
0
-0.004979676
-0.003416953
-0.006495916
-0.005438414
-0.002104979
0
0.001293209
0.002442046
0.008949537
0.003223668
-0.002774835
-0.002514333
-0.000354762
-0.001663
0.01047735
0.005133789
0.001782098
0.004640695
0.008301045
0.005601927
-0.002721569
-0.001099099
0.000503554
-4.19532E-05
-0.000310508
0.005215474
0.008389611
0.008163782
0.00544657
0.006756617
0.001362067
0.00020253
0.005114439
0.00594599
0.005002528
-0.001236316
-0.003670081
0.001792746
0.005653269
-0.000875002
0.001240685
-0.012428382
-0.003603753
0.001751095
-0.003343458
-0.002940809
-0.00679768
-0.005364842
-0.007393978
-0.006949056
-0.00055835
0.006340153
0.003373856
-0.007108269
-0.005226645
-0.003013336
-0.001199488
-0.000806059
0.003312441
-0.002926124
-0.006173717
-0.007054045
-0.006461686
-0.004144772
-0.023192118
-0.008591255
-0.004956651
0.004104113
0.001704349
-0.003580714
-0.001184544
-0.002176804
-0.001644664
0.002590906
0.00779466
0.004936799
-0.004060704
0.000203427
0.00599575
0.006501666
0.01238629
0.005548616
-0.000909754
-0.003983469
0.001292279
0.000499234
-0.003163155
-0.001278441
0
0.00419201
0.005759005
0.001727234
0.00404134
0.00427928
-0.004483513
-0.002164024
-0.001288709
0.000998681
0.002590211
-0.00308516
-0.002495536
-0.001670014
-0.000522988
0.002860228
0.005619501
0.002522326
-0.001315572
-0.013372292
0.005759005
0.001727234
0.00404134
0.00427928
-0.004483513
-0.002164024
-0.001288709
0.000998681
0.002590211
-0.00308516
-0.002495536
-0.001670014
-0.000522988
0.002860228
0.005619501
0.002522326
-0.001315572
0.003797709
0.009264004
0.006650649
0.000133229
-0.001416466
-0.002479475
0.003796021
0.003317001
0.005149018
0.001839593
0.007218351
0.002255806
0.00474832
0.00985604
0.001423064
-0.000506282
0.00869167
-0.001235912
-0.002708394
0.002955699
0.006139038
0.009326983
0.007184254
0.003355277
0.006043719
0.014624101
0.013940458
-0.000232758
0.011906013
0.0150752
0.005307063
0.003527289
0.002185603
0.005133985
-4.3154E-05
-0.006327788
0.008598034
0.014483766
0.003346988
-0.003990837
-0.00349533
-0.001891005
0.005372179
0.000735804
-0.009015438
0.008824464
-0.003599956
-0.005217372
0.001718403
-0.006568649
-0.001744105
0.006715663
0.006061099
0.002281165
-0.001869888
-0.00065245
0.003024628
0.001265219
-7.77047E-05
-0.002716393
-0.002603051
0.002482623
0.004862235
-0.00215258
-0.002397989
-0.002290172
-0.003505669
0.005023583
0.005188868
-0.001248805
-0.002077739
0.0009546
-0.006644496
0.004245658
0.0046227
0.00760134
0.00737033
-0.001543478
-0.002187194
-0.004171695
-0.001674966
0.006543739
0.009625594
0.000938177
-0.000144808
0.003057201
0.000481139
0.000604533
-0.003915327
0.003372638
0.001263528
0.010051159
0.01112091
0.006569609
0.001627351
0.00495243
0.002490199
0.004685395
0.00366698
0.006525159
0.001048679
0.006146157
0.013208703
0.005450958
0.003018334
0.002933499
0.001860583
0.013027563
0.01258368
0.002220887
0.017507433
0.001191623
0.002912889
0.009965532
0.009084926
-0.007708317
-0.009742165
0.003932119
0.008545766
0.005825419
-0.002059781
-0.001001998
0.009338484
0.002101
0.004676357
0.009695723
0.020860155
0.009533537
0.000986246
0.019856462
0.017336485
0.000649067
-0.010202988
-0.001588571
0.005616442
1.61869E-05
0.000507056
0.000679267
0.00548191
-0.009158692
-0.010018866
0.005975565
0.007337378
0.006700382
-0.007822389
-0.006617341
0.007022056
0.007310563
0.006358516
-0.001491234
-0.000666448
0.006480325
0.0034859
-0.015737545
-0.004192878
-0.015252555
-0.021031298
0.003935828
0.007648814
0.012766633
-0.002778636
-0.003471845
0.005203258
-0.008819323
-0.007060881
-0.001653627
-0.002763992
0.004362172
-0.001326087
-0.002117615
-0.000690166
0.000901573
0.006271769
-0.004093542
-0.002578825
0.003832486
0.004143633
-0.00382215
-0.00012193
-0.000360333
-0.000809838
0.002300221
0.00393412
0.0068203
-0.00171032
0.003428656
0.007544246
-0.001259767
-0.006530555
-0.002305126
0.002048048
0.000678107
0.001469476
-0.00149681
0.00138763
0.002938253
0.004838259
-0.000899632
-0.00157359
-2.1722E-05
-0.002604628
-0.008914519
0.002540252
0.005649856
0.002492383
0.010106968
0.007360207
-0.00182294
0.004399319
0.004454303
-0.000323571
0.002596221
0.006482244
0.00938748
0.008355446
0.00463763
0.012689372
-0.00045696
0.004443945
-0.0009864
-0.00272651
0.006338564
0.003729685
0.001666558
0.013386841
0.007204298
0.003105326
0.002279923
0.010800301
0.010632285
-0.001354602
0.005707519
0.016639303
0.021377039
0.001342476
0.004768831
-0.003515038
0.002813018
0.003255219
0.006162649
0.005581485
0.000449127
-0.00369332
-0.004426525
-0.014964078
-0.001048237
0.000464486
0.005429039
0.001489659
-0.010889883
-0.00882791
0.01024405
0.006853936
0.003933982
-0.001711505
0.006438269
0.001333461
-0.007616433
0.005174939
0.010310698
0.009791408
0.015382709
0.021307264
0.019613306
0.01849661
0.003629798
0.008151862
-2.45035E-05
0.002349602
0.019356263
0.020845581
0.013014541
0.012957934
-0.008428915
0.005469084
0.010179338
0.004879661
0.00503592
-0.00863293
-0.000658146
-0.008122435
0.010099352
0.004844467
-0.002649118
-0.010537737
0.000460644
-0.018895816
-0.018007081
-0.025453811
0.014174764
0.006905651
0.012181955
-0.006036947
0.015106128
0.011159623
-0.001494875
0.001183787
-0.004816911
-0.005759845
0.000531697
0.006474066
0.008246298
-0.003834438
0.000165019
-0.007623054
-0.022334104
-0.009826419
-0.017839487
0.010702424
0.010226912
0.006780064
-0.006692491
0.006482915
-0.001638579
-0.004900063
0.004598969
-0.007724657
-0.007555434
0.013292977
0.001059492
-0.003703193
0.0024134
-0.002206423
-0.004091763
-0.014028851
-0.021560125
0.001320116
0.013269441
0.009694323
2.02082E-05
-0.001796081
0.004778369
-0.000624777
-0.003400787
-0.007137957
-0.001521055
-0.004773904
-0.004125429
0.002557799
0.004581074
0.001384937
0.004375055
0.008402935
0.014886865
0.005690304
0.004302607
0.001461506
-0.006854522
-0.007419403
0.006319889
0.000573638
0.001256897
-0.012248685
-0.003384627
0.001891996
-0.015094855
0.011283156
0.004860374
0.003825135
-0.001335936
0.001244272
0.005845658
-0.000237769
-0.000578807
0.006809455
0.003397231
0.003131414
-0.003154966
0.005738144
0.007787193
0.010072255
0.006542115
0.004036846
0.013335918
0.008034358
0.006226352
5.53523E-05
-0.001514066
-0.004659958
-0.003600565
0.000696575
0.001116487
-0.000673465
-0.000726064
0.004266903
-0.007348294
-0.007233325
0.004543346
0.00373185
-0.003158828
-0.001330064
-0.000341231
0.00347062
0.003998528
0.001833522
-0.001636248
-0.001840256
0.003112298
-0.002188022
-0.006574189
-0.014241312
-0.005025692
-2.29366E-05
0.001867607
-0.002173478
-0.00387737
-0.006725161
0.001922788
-0.000362653
0.001461383
-0.001619602
-5.01724E-05
0.000574902
0.002950332
-0.004907895
-0.011064222
-0.010247919
0.002586609
0.002693835
-0.003544785
-0.000236504
-7.88441E-06
1.18266E-05
-0.00270009
-0.003607532
-0.013025208
-0.012651536
-0.004078608
-0.016973242
-0.003276842
0.004639376
-0.003022513
0.004159306
0.009914777
0.012472749
0.001037471
-0.005764267
0.000350297
0.002570518
-0.001113622
-0.00254077
0.003081478
0.001389053
-0.00201923
-0.003850664
-0.001523983
-6.54239E-05
-0.003186412
-0.002057305
-0.000263115
0.003378222
-9.01565E-05
-0.003168833
0.007507607
0.013460233
0.001962717
-0.001326825
0.009123449
0.004959237
0.009196929
0.0123059
0.005733803
-0.008163437
0.004597709
-0.001508235
-0.005899653
-0.003135191
0.007120106
0.0080652
-0.000709819
3.47311E-05
-0.00137473
0.001112287
-0.00733762
-0.005372605
-0.005613896
-0.002554702
-0.002012137
-0.001616585
-0.013276135
-0.004705116
0.000789079
0.001182452
0.001803159
0.004483738
-0.000903137
-0.003063145
0.001634845
0.004852701
0.00580025
0.00435188
0.000433754
0.002063667
-0.003855104
-0.000481947
0.003640448
0.002257275
0.001315048
-0.007524976
-0.001372483
0.008520786
0.004920863
0.0115856
0.014368058
0.008404302
-0.00353802
0.00469574
0.001626837
-0.003445095
-0.005975955
-0.001014683
0.003154679
0.004100227
-0.000347338
0.006830178
0.003507928
0.005181301
0.0141905
-0.00130578
-0.002204619
0.002729337
-0.00176973
-0.001559368
-0.003096514
0.001645295
-0.004425571
-0.002086581
0.000229997
0.000363435
-0.00018541
-0.001079767
-0.000129948
-0.001705734
-0.000587833
5.21004E-05
-0.00477846
-0.003213378
0.002143399
-0.001419675
-0.00092631
-1.87601E-05
0.000585148
0.006656289
0.00248891
0.006610658
-0.006729568
-0.000167241
-0.00209474
-0.001681196
-0.001781197
-0.00076648
-0.001587171
-0.002152692
-0.010203708
-0.003815319
0.00558124
0.001086046
-5.29505E-05
-0.001226209
-0.003079715
-0.001280948
-0.004800067
-0.008744106
-0.009957617
-0.004789283
-0.00917398
-0.010734607
0.004623176
0.002242158
0.004678422
0.00364292
-0.000373527
0.000668318
-0.003590569
-0.002966418
0.001118871
0.003179766
0.001708003
-0.005338329
-0.005406726
-0.005516046
0.000715135
-0.000719131
-0.001007653
0.001339317
0.002585599
-0.000219197
-0.002614141
-0.011086958
-0.007992286
0.001367677
-0.001518399
-0.008760411
-0.00925254
-0.004468979
-0.006097465
-0.002846206
0.00711708
0.002792751
0.001060867
0.002176451
0.000962109
0.000803812
0.005551004
0.002472321
0.007531389
0.002577904
0.00253882
0.003284793
0.013052283
0.013045646
0.010810408
0.005131027
-0.008671987
0.006467317
0.005970074
0.015123082
-0.002533291
0.009618999
0.003254918
-0.001597848
0.013515896
0.009325579
-0.001711931
0.01318415
0.024909381
0.024456591
0.013040412
-0.014425408
-0.004236299
0.014936503
-0.008129593
-0.000148991
0.005373877
0.000633973
-0.006454957
-0.01002733
0.00343273
0.011284459
0.009167239
0.008640024
0.016492627
0.007268652
0.015117808
-0.001824196
0.00435428
0.012038095
0.001233105
0.00196853
0.003520213
-0.00798543
0.003943005
-0.015130621
0.006605414
0.011012081
-0.002009504
-0.006571814
-0.001187204
0.007595649
0.003881613
-0.002431439
0.000348624
-0.005602274
0.001426795
0.003801262
0.011115397
0.012862641
0.009988025
0.012353993
0.011297668
-0.002957848
0.001746128
0.006287376
0.011290508
-0.001406221
0.004399369
0.003801915
-0.005990275
0.007756229
0.004162251
0.016829851
0.012517415
0.018460586
0.007804967
0.021650418
0.018865541
-0.00438736
0.011505451
-0.004677738
-0.013543391
0.019854767
0.003333002
-0.008950883
-0.015781876
0.000485594
0.006395879
0.003387004
0.009164242
0.00781878
0.006274454
0.000550439
-0.011668181
-0.007184283
-0.009170886
-0.018679988
0.017329973
0.004707745
-0.018510579
-0.001324287
-0.003271904
0.006720648
-0.001095667
-0.00858107
0.001606523
0.011106246
0.034404947
0.004932144
0.006381586
-0.000743028
0.001128563
0.001429582
0.000751455
-0.004880318
-0.001859017
-0.003994537
-0.010351943
-0.01542238
0.005955362
0.006311596
-0.009951071
-0.007536906
-0.0005438
-0.005002271
-0.000690349
-0.00923955
0.013991936
0.00249278
0.002009079
0.019406166
-0.00379416
-0.008987614
0.013889094
0.014660364
0.019204297
0.009879602
-0.000677098
0.006907992
0.004015413
-0.000418507
-0.005464105
0.003810786
0.013352604
-0.001814158
-0.006879753
0.00904847
0.005251934
-0.002140166
-0.004841433
-0.001105398
0.015360608
0.010899949
0.011205791
0.00667881
0.004089966
0.015977003
0.018397841
0.01226247
0.010195485
-0.002127012
0.001019572
-0.005271559
-0.000525778
0.009078283
0.009299867
-0.012144806
-0.018729439
-0.006016385
-0.012925048
-0.011742773
0.005866554
-0.004460853
-0.001833408
0.0164154
0.009737376
0.004469543
0.008202977
0.015429908
-0.004818709
0.006712305
0.007534344
-0.002235443
-0.006375777
0.000163707
0.007644382
0.002597965
0.020610752
0.025306065
0.010720718
0.009261127
0.00273696
-0.007745072
0.001889465
5.96308E-05
0.016182052
0.020895969
0.016704975
0.017821095
-0.007643393
0.016999592
0.029051358
0.008782515
-0.002790157
-0.001498852
0.009771628
-0.005931882
-0.008167488
0.003871044
-0.005028279
0.003638559
0.008027057
0.004159197
0.004134741
0.011019984
0.008612772
-0.002413133
0.004636572
-0.002686096
0.013525095
0.003997722
-0.002316382
0.002642129
0.004499068
0.008078277
0.012770985
0.012128582
0.002451341
-0.002422822
0.01333292
-0.007838915
0.001893479
-0.008095667
-0.004819546
0.004564343
0.026687292
-0.008007318
-0.011158727
-0.021479866
-0.002835749
0.008434133
-0.001594647
-0.013949624
-0.011319959
-0.005118169
-0.002848553
0.020048265
0.016602997
-0.000798093
0.004794181
-0.000906111
0.011870754
0.015001046
0.017706915
-0.005591464
0.019221855
0.001674146
0.007039103
0.019354381
0.009742879
0.005970313
0.009540468
0.002352919
0.002345896
0.005015715
0.000317871
0.007229952
0.01406543
0.017978988
0.017746013
0.007306421
0.017952718
0.022202946
-0.014412464
0.004089228
-0.008707461
0.000451967
0.007082827
-0.018508832
0.000193884
0.013102186
0.005258987
-0.000658244
0.003549922
-0.000442035
0.00950931
0.019038943
0.014277656
0.00206388
-0.002895828
0.000481054
0.009574093
-0.005924329
0.00147403
0.010470276
0.003603594
0.005726704
0.014446114
0.014448576
0.004457525
0.007090725
0.017413596
0.009673957
-0.008071843
0.000825163
0.005188508
0.005305844
0.005777085
0.001883137
0.007611295
0.006366221
-0.009524916
0.015436122
0.012429315
-0.005307292
0.000913485
-0.008805707
0.00067137
0.012541762
0.000873489
-0.005674261
-0.003043683
0.000305357
0.009802924
0.006920583
0.006432894
-0.001620296
-0.006809493
-0.007694943
-0.003142244
-0.027584245
0.01981087
-0.000118244
-0.016226907
-0.008523914
-0.015796104
-0.004662851
-0.014806552
0.007790003
-0.009293044
-0.012830787
0.009636654
0.014027052
0.01637531
-0.006654325
-0.005294682
6.73338E-05
-0.011564667
-0.014055747
-0.001448003
-0.008799621
-0.013850409
0.000208479
0.007753513
0.010398405
-0.002077762
0.006824367
0.004170998
-0.000533804
-0.005326556
-0.009474574
-0.003776755
0.00399649
-0.00652395
-0.013476238
-0.005698924
0.004786624
-0.002759799
-0.009186782
-0.003827191
-0.008280813
9.1404E-06
0.007906413
0.008062879
0.007867072
0.006827266
0.000598797
-2.40462E-05
-0.005000236
-0.004841297
0.002929
0.003461604
-0.002461712
-0.011691591
-0.00278743
0.00513928
-0.005070823
-0.011981248
-0.020884049
-0.012724652
-0.001702059
0.004237592
-0.007082622
0.00706644
0.011733748
0.009284376
0.003233683
0.018563022
0.006689109
0.002659326
0.000258506
0.00016633
-0.002886552
-0.004756028
0.002505586
-0.000598143
0.000451535
0.002294401
-0.002528505
-0.001774281
0.000177827
-0.009169579
0.001113788
-0.005974624
0.001377615
0.001736614
-0.000830122
-0.004045777
-0.002387846
-0.001893883
-0.005017311
-0.01522623
0.00257906
0.004897276
0.003013983
0.00031855
-0.001500724
-0.005381243
-0.004521362
-0.013283975
-0.012100227
0.001609569
-0.00152421
0.003231371
0.001315121
-0.000935081
-0.004893932
-0.002767632
-0.001307106
-0.008170322
-0.009699141
-0.008899528
0.001157963
0.006420422
0.017976026
-0.002803175
-0.000606074
0.015294734
0.005345496
0.001898317
-0.004492381
0.001653777
0.001505396
0.00402549
-5.42357E-05
0.001900561
0.008565132
0.004224481
-1.73702E-05
0.00010288
0.001996723
-0.00209025
-0.002724141
0.000961522
-0.000156619
-0.001121148
-0.002888352
4.03233E-06
0.001995349
-0.001240247
-0.001237753
-0.004204461
-0.001329698
-0.000619507
-5.68299E-05
4.19462E-05
-0.00051024
-0.00459303
-0.000402641
0.000557668
-0.00311468
-0.005065171
-0.002242655
-0.006044746
-0.001485763
-0.001536502
-0.004155792
-0.00218834
0.002088088
0.001598661
-6.53433E-05
-0.006127844
-0.001390049
0.000218504
8.40274E-05
0.000494218
1.95957E-05
0.001402893
0.001961865
0.000567594
0.000858449
-0.001197294
-0.000816208
0.000439579
-0.000156273
-0.000327973
0.000413089
0.002110229
-0.001429563
0.00090312
-0.000167183
0.000275837
0.001414209
0.001188559
0.000526407
0.003666041
0.017409585
0.007567446
0.000319748
0.000258961
-0.002852268
0.00024476
0.00012033
0.00247504
0.011756474
0.004529365
0.010532304
0.003327938
0.001737552
9.66599E-05
0.001920809
-0.001547319
-0.008429541
-0.000206746
0.000462156
-0.00735262
-0.002137295
-0.002738689
0.004613382
0.007392728
-0.016034597
-0.008934523
-0.011281592
-0.014516746
-0.000953502
0.001908863
-0.005527402
-0.002064467
-0.007586716
0.002898703
7.14494E-05
-0.004756206
-0.010633024
-0.010712789
0.000948608
-0.001636193
0.000614246
0.00797673
0.000842793
-0.006413647
-0.001141172
-0.00289825
-0.002444504
-0.004071551
-0.00207833
-0.002608371
-0.006114744
-0.011217253
-0.008469014
-0.010580122
-0.010403197
0.007410714
-0.001076335
0.000151667
0.005055512
0.000692347
-0.007327836
-0.00411417
-0.008205655
3.07555E-06
0.001166489
0.000139764
0.000208842
0.00196957
0.004383836
2.89883E-05
0.000170861
0.000632847
0.002652073
0.000237156
-0.006418455
-0.006889602
-0.001180656
0.001405531
-8.16271E-05
0.001028322
-0.002810376
-0.001408155
0.002270289
-0.002271834
-0.00064143
-0.002362153
-0.007374574
-0.001574968
-0.001420848
0.001481831
0.000643998
0.000295287
-0.001622814
-0.001634855
0.000626697
9.55368E-05
0.003406727
0.00838668
0.005714923
0.002185955
-0.056702727
0.016103236
